0 0.8476855575868374 0.43979726027397265 0.880400365630713 0.42970410958904115 0.9150383912248629 0.43691506849315065 0.9371700182815356 0.4498931506849315 0.9419798903107862 0.5147808219178083 0.9352449725776966 0.547945205479452 0.8880968921389396 0.5565972602739726 0.8775137111517367 0.5176630136986301 0.8563455210237659 0.498917808219178 0.8351773308957953 0.48882465753424653 0.8274808043875685 0.46142739726027393
0 0.7769652650822669 0.3366849315068493 0.09526508226691043 0.11391780821917807
0 0.7072029250457038 0.6056164383561644 0.10776965265082268 0.17016438356164384
0 0.5354478976234004 0.764958904109589 0.12219378427787934 0.13986301369863013
0 0.33051188299817186 0.801013698630137 0.13566727605118828 0.14276712328767124
0 0.4801316270566728 0.44700821917808214 0.4916764168190128 0.40374794520547946 0.4801316270566728 0.3777945205479452 0.4666599634369287 0.361931506849315 0.45222669104204755 0.3604904109589041 0.4291352833638025 0.35760547945205484 0.41181535648994516 0.35904931506849314 0.3887239488117002 0.35904931506849314 0.374290676416819 0.3677013698630137 0.36274405850091407 0.3835616438356164 0.3598574040219379 0.42393698630136983 0.3560091407678245 0.4498931506849315 0.37717733089579525 0.45854246575342467 0.40411882998171844 0.46142739726027393 0.43490859232175505 0.46286849315068496 0.45319012797074953 0.45710136986301375
0 0.17511700182815357 0.527758904109589 0.1510639853747715 0.547945205479452 0.11161425959780621 0.5609232876712329 0.0760127970749543 0.5695753424657535 0.06157952468007312 0.547945205479452 0.06350457038391225 0.5133369863013698 0.06831444241316272 0.4772904109589041 0.07793784277879341 0.45133424657534243 0.09525594149908592 0.42970410958904115 0.10680255941499085 0.41384383561643834 0.14047897623400366 0.3994219178082191 0.16068555758683728 0.410958904109589 0.17223217550274222 0.43114520547945206 0.18089031078610604 0.45710136986301375 0.18474040219378426 0.48738356164383567
0 0.24824314442413162 0.6416739726027397 0.18185374771480806 0.6517671232876713 0.15972212065813526 0.6243698630136987 0.14913893967093234 0.6113917808219178 0.1433656307129799 0.5897616438356165 0.14625228519195613 0.568131506849315 0.16164716636197443 0.5436191780821917 0.17511700182815357 0.5335260273972603 0.18377696526508225 0.5219890410958904 0.1953235831809872 0.5046876712328767 0.2136051188299817 0.498917808219178 0.22803839122486289 0.5046876712328767 0.24535831809872033 0.5392931506849316 0.25594149908592323 0.5537123287671233 0.24920658135283363 0.5926465753424658 0.2463199268738574 0.6214849315068494
0 0.2646014625228519 0.7253068493150685 0.2549798903107861 0.7022356164383561 0.25690310786106035 0.6604191780821917 0.25978976234003653 0.6459972602739725 0.2790347349177331 0.6214849315068494 0.2934661791590494 0.6113917808219178 0.3059744058500914 0.5984136986301369 0.34638756855575864 0.5912027397260273 0.3598574040219379 0.6128328767123288 0.374290676416819 0.6431150684931507 0.39161060329067643 0.666186301369863 0.397382084095064 0.6906986301369863 0.3887239488117002 0.7209808219178082 0.3714040219378428 0.715213698630137 0.3560091407678245 0.7108876712328767 0.3329159049360146 0.7065616438356164 0.31078610603290674 0.7209808219178082 0.2953912248628885 0.7310739726027397
0 0.3098244972577696 0.481613698630137 0.28192138939670935 0.5061287671232877 0.25882815356489947 0.5609232876712329 0.2540164533820841 0.6041808219178082 0.26556307129798906 0.6243698630136987 0.2799963436928702 0.6243698630136987 0.2973162705667276 0.5940876712328768 0.33387934186471663 0.5825534246575342 0.3425374771480804 0.5522712328767123 0.3550475319926874 0.5176630136986301 0.3367659963436929 0.498917808219178
0 0.5330511882998172 0.6604191780821917 0.483018281535649 0.6416739726027397 0.47339488117001827 0.5998547945205479 0.4753199268738574 0.5724575342465753 0.48686654478976227 0.5594821917808219 0.5157312614259598 0.5378520547945206 0.5503711151736745 0.530641095890411 0.5657659963436928 0.5450602739726027 0.5936691042047533 0.5609232876712329 0.6061773308957953 0.6041808219178082 0.6052157221206581 0.6402301369863014 0.5763491773308957 0.666186301369863 0.5474844606946984 0.6546493150684931
0 0.4358702010968921 0.6301369863013698 0.4358702010968921 0.5984136986301369 0.422400365630713 0.568131506849315 0.4089287020109689 0.5551561643835616 0.3887239488117002 0.530641095890411 0.37717733089579525 0.5205479452054794 0.36851736745886654 0.511895890410959 0.34831078610603294 0.5219890410958904 0.34542413162705665 0.5436191780821917 0.3367659963436929 0.5666904109589042 0.3367659963436929 0.5825534246575342 0.35216087751371117 0.5998547945205479 0.3714040219378428 0.6315780821917808 0.38583729433272396 0.648882191780822 0.398345521023766 0.6618602739726027 0.41277696526508223 0.6560931506849315 0.4243235831809872 0.6503232876712328
0 0.325219378427788 0.4498931506849315 0.2780712979890311 0.4498931506849315 0.25786654478976234 0.43547123287671236 0.253054844606947 0.41384383561643834 0.2540164533820841 0.37490958904109595 0.26267641681901277 0.3489534246575342 0.2973162705667276 0.33165205479452053 0.3367659963436929 0.3302082191780822 0.34638756855575864 0.3460712328767123 0.35216087751371117 0.3936547945205479 0.34542413162705665 0.4282630136986301
0 0.7841809872029251 0.647441095890411 0.771672760511883 0.6027397260273972 0.7524296160877514 0.5825534246575342 0.7533912248628886 0.5522712328767123 0.7707111517367459 0.5176630136986301 0.808235831809872 0.5032438356164384 0.8390255941499086 0.49459178082191785 0.8736654478976233 0.5176630136986301 0.8823254113345521 0.5580383561643836 0.8823254113345521 0.6012986301369863 0.8736654478976233 0.6344630136986301 0.858270566727605 0.6214849315068494 0.8380639853747714 0.6387890410958904 0.8245941499085924 0.6431150684931507 0.8120859232175502 0.6301369863013698 0.7841809872029251 0.648882191780822
0 0.5609542961608774 0.4556602739726027 0.5801974405850091 0.4008657534246575 0.579235831809872 0.3662575342465753 0.5638409506398537 0.31434794520547943 0.5474844606946984 0.3085808219178082 0.5089963436928702 0.3359780821917808 0.48878976234003657 0.35904931506849314 0.4926398537477148 0.4051917808219178 0.48397989031078614 0.44124109589041094 0.5041846435100549 0.47440547945205475 0.5282394881170018 0.47007945205479457
0 0.40315539305301645 0.6762794520547946 0.4262486288848263 0.6431150684931507 0.4608866544789762 0.6301369863013698 0.4695466179159049 0.6344630136986301 0.49841316270566727 0.6402301369863014 0.5166946983546618 0.6604191780821917 0.5186179159049361 0.6878164383561644 0.49552650822669103 0.718095890410959 0.4483784277879342 0.7440520547945205 0.40508043875685557 0.7469369863013698 0.3935338208409507 0.7195397260273972