0 0.40932642487046633 0.7341115434500648 0.4119170984455959 0.7574578469520103 0.44041450777202074 0.7652399481193255 0.4689119170984456 0.7574578469520103 0.4689119170984456 0.7392996108949417 0.4326424870466321 0.728923476005188
0 0.3290155440414508 0.7367055771725033 0.3316062176165803 0.7574578469520103 0.37823834196891193 0.7626459143968871 0.3963730569948187 0.7561608300907912 0.3963730569948187 0.7315175097276264 0.34974093264248707 0.7250324254215305
0 0.43005181347150256 0.708171206225681 0.4274611398963731 0.7250324254215305 0.4378238341968912 0.7302204928664072 0.4740932642487047 0.7380025940337225 0.5 0.7302204928664072 0.49740932642487046 0.7120622568093385 0.4585492227979275 0.7029831387808041
0 0.36787564766839376 0.6835278858625162 0.36528497409326427 0.695201037613489 0.38082901554404147 0.7003891050583657 0.4274611398963731 0.7055771725032426 0.44559585492227977 0.6990920881971465 0.4481865284974093 0.6861219195849546 0.43005181347150256 0.6770428015564203 0.38082901554404147 0.6744487678339819
0 0.47150259067357514 0.6627756160830091 0.47150259067357514 0.6809338521400778 0.5207253886010362 0.6900129701686122 0.538860103626943 0.6874189364461738 0.5440414507772021 0.6718547341115434 0.5181347150259067 0.6601815823605707 0.4844559585492228 0.6562905317769131
0 0.3860103626943005 0.6562905317769131 0.38341968911917096 0.6718547341115434 0.4481865284974093 0.682230869001297 0.45595854922279794 0.6770428015564203 0.46113989637305697 0.6640726329442282 0.45077720207253885 0.6575875486381323 0.40414507772020725 0.648508430609598
0 0.40414507772020725 0.6316472114137484 0.4015544041450777 0.6433203631647212 0.4119170984455959 0.648508430609598 0.46113989637305697 0.6588845654993515 0.4844559585492228 0.6498054474708171 0.4844559585492228 0.6394293125810635 0.45077720207253885 0.6277561608300908 0.41968911917098445 0.6238651102464332
0 0.5 0.6407263294422828 0.5025906735751295 0.6549935149156939 0.5440414507772021 0.6679636835278858 0.5673575129533679 0.6627756160830091 0.5699481865284974 0.6472114137483788 0.5440414507772021 0.6381322957198443 0.5155440414507773 0.6355382619974059
0 0.4274611398963731 0.6121919584954605 0.4378238341968912 0.6264591439688716 0.47668393782383417 0.6342412451361867 0.4948186528497409 0.6342412451361867 0.5077720207253886 0.6238651102464332 0.5051813471502591 0.6108949416342413 0.4740932642487047 0.6044098573281452 0.44559585492227977 0.603112840466926
0 0.5233160621761658 0.6018158236057068 0.5207253886010362 0.6160830090791181 0.582901554404145 0.6212710765239948 0.5958549222797928 0.6199740596627756 0.6062176165803109 0.6083009079118028 0.6036269430051814 0.6005188067444877 0.5569948186528497 0.5901426718547341 0.538860103626943 0.5914396887159533
0 0.4430051813471503 0.5862516212710766 0.4430051813471503 0.603112840466926 0.5129533678756477 0.6070038910505836 0.5181347150259067 0.5953307392996109 0.5025906735751295 0.5875486381322957 0.47150259067357514 0.582360570687419
0 0.3704663212435233 0.5914396887159533 0.36528497409326427 0.6070038910505836 0.4170984455958549 0.6160830090791181 0.4326424870466321 0.5940337224383917 0.39896373056994816 0.5862516212710766
0 0.5544041450777202 0.5758754863813229 0.5544041450777202 0.5888456549935149 0.6036269430051814 0.6057068741893644 0.6269430051813472 0.5927367055771725 0.6243523316062176 0.5797665369649806 0.6062176165803109 0.5732814526588845 0.5673575129533679 0.569390402075227
0 0.4585492227979275 0.5654993514915694 0.4637305699481865 0.5810635538261998 0.5181347150259067 0.5927367055771725 0.533678756476684 0.5888456549935149 0.538860103626943 0.5745784695201037 0.5284974093264249 0.5667963683527886 0.49740932642487046 0.5590142671854734 0.4740932642487047 0.5590142671854734
0 0.3911917098445596 0.5706874189364461 0.3911917098445596 0.5836575875486382 0.4170984455958549 0.5888456549935149 0.43005181347150256 0.5901426718547341 0.45077720207253885 0.5784695201037614 0.44041450777202074 0.5680933852140078 0.4015544041450777 0.5654993514915694
0 0.5751295336787565 0.5538261997405967 0.5751295336787565 0.5680933852140078 0.6269430051813472 0.5784695201037614 0.6373056994818653 0.5758754863813229 0.6347150259067358 0.5603112840466926 0.5984455958549223 0.5512321660181583
0 0.4844559585492228 0.543450064850843 0.48704663212435234 0.5577172503242542 0.533678756476684 0.569390402075227 0.5492227979274611 0.5680933852140078 0.5569948186528497 0.5512321660181583 0.5440414507772021 0.5447470817120622 0.5051813471502591 0.5395590142671854
0 0.41968911917098445 0.5304798962386511 0.42487046632124353 0.5447470817120622 0.4689119170984456 0.5486381322957199 0.4896373056994819 0.5382619974059663 0.47668393782383417 0.5265888456549935 0.43523316062176165 0.5239948119325551
0 0.5025906735751295 0.522697795071336 0.5051813471502591 0.5382619974059663 0.572538860103627 0.5460440985732814 0.5751295336787565 0.5304798962386511 0.5647668393782384 0.5239948119325551 0.5362694300518135 0.5175097276264592
0 0.538860103626943 0.4889753566796368 0.5233160621761658 0.5149156939040207 0.5777202072538861 0.5278858625162127 0.5958549222797928 0.5239948119325551 0.6113989637305699 0.4915693904020752 0.572538860103627 0.48119325551232167 0.5492227979274611 0.48249027237354086
0 0.6217616580310881 0.5123216601815823 0.6139896373056994 0.5188067444876784 0.6398963730569949 0.5265888456549935 0.6606217616580311 0.5252918287937743 0.6502590673575129 0.5136186770428015
0 0.5932642487046632 0.5343709468223087 0.5880829015544041 0.5499351491569391 0.6398963730569949 0.5616083009079118 0.6606217616580311 0.5551232166018158 0.6632124352331606 0.5421530479896238 0.6424870466321243 0.5317769130998703 0.6139896373056994 0.5278858625162127
0 0.5233160621761658 0.5071335927367056 0.5259067357512953 0.51621271076524 0.5751295336787565 0.5278858625162127 0.5984455958549223 0.5214007782101168 0.5984455958549223 0.5084306095979247 0.5699481865284974 0.5006485084306096 0.533678756476684 0.5006485084306096
0 0.6735751295336787 0.5408560311284046 0.6709844559585493 0.5551232166018158 0.7124352331606217 0.5642023346303502 0.7305699481865285 0.556420233463035 0.7150259067357513 0.5421530479896238 0.689119170984456 0.5356679636835279
0 0.4585492227979275 0.4889753566796368 0.45595854922279794 0.5019455252918288 0.5051813471502591 0.5097276264591439 0.5284974093264249 0.4980544747081712 0.5181347150259067 0.4889753566796368 0.4896373056994819 0.48378728923476005
0 0.44041450777202074 0.5084306095979247 0.4378238341968912 0.522697795071336 0.49222797927461137 0.5317769130998703 0.5077720207253886 0.51621271076524 0.5 0.5084306095979247 0.47150259067357514 0.503242542153048
0 0.5647668393782384 0.4656290531776913 0.5595854922279793 0.4721141374837873 0.6088082901554405 0.4721141374837873
0 0.6295336787564767 0.49416342412451364 0.6269430051813472 0.5084306095979247 0.6917098445595855 0.5188067444876784 0.6994818652849741 0.5071335927367056 0.6787564766839378 0.49546044098573283 0.655440414507772 0.490272373540856
0 0.48186528497409326 0.46173800259403375 0.47150259067357514 0.4721141374837873 0.47668393782383417 0.48249027237354086 0.5233160621761658 0.4889753566796368 0.538860103626943 0.48508430609597925 0.5362694300518135 0.4695201037613489
0 0.5025906735751295 0.43190661478599224 0.5051813471502591 0.4461738002594034 0.5569948186528497 0.45265888456549935 0.572538860103627 0.44487678339818415 0.5544041450777202 0.43060959792477305
0 0.6865284974093264 0.4357976653696498 0.689119170984456 0.45265888456549935 0.7305699481865285 0.46173800259403375 0.7512953367875648 0.45395590142671854 0.7512953367875648 0.44357976653696496 0.7305699481865285 0.4345006485084306 0.6994818652849741 0.4293125810635538
0 0.6658031088082902 0.4591439688715953 0.6683937823834197 0.4708171206225681 0.7150259067357513 0.48378728923476005 0.7331606217616581 0.4798962386511025 0.7331606217616581 0.46433203631647213 0.7202072538860104 0.4578469520103761 0.694300518134715 0.45265888456549935
0 0.7046632124352331 0.41374837872892345 0.7020725388601037 0.4280155642023346 0.7512953367875648 0.4409857328145266 0.772020725388601 0.4345006485084306 0.7746113989637305 0.42153047989623865 0.7461139896373057 0.4059662775616083 0.7227979274611399 0.4033722438391699
0 0.5880829015544041 0.43320363164721143 0.5880829015544041 0.44487678339818415 0.6476683937823834 0.4565499351491569 0.6632124352331606 0.45136186770428016 0.6580310880829016 0.4383916990920882 0.6269430051813472 0.4293125810635538
0 0.5207253886010362 0.41245136186770426 0.5181347150259067 0.4267185473411154 0.5777202072538861 0.4357976653696498 0.5880829015544041 0.4267185473411154 0.5803108808290155 0.41374837872892345 0.5595854922279793 0.4085603112840467
0 0.6113989637305699 0.4098573281452659 0.6010362694300518 0.4254215304798962 0.6632124352331606 0.4383916990920882 0.6735751295336787 0.4293125810635538 0.6683937823834197 0.41893644617380027
0 0.533678756476684 0.3955901426718547 0.533678756476684 0.4085603112840467 0.5932642487046632 0.4150453955901427 0.6062176165803109 0.4072632944228275 0.5984455958549223 0.3968871595330739 0.5803108808290155 0.39169909208819714 0.5440414507772021 0.39040207522697795
0 0.616580310880829 0.3981841763942931 0.616580310880829 0.4085603112840467 0.6735751295336787 0.42282749675745784 0.6865284974093264 0.4150453955901427 0.6839378238341969 0.40207522697795073 0.6580310880829016 0.39299610894941633 0.6243523316062176 0.39299610894941633
0 0.7176165803108808 0.3968871595330739 0.7227979274611399 0.4072632944228275 0.772020725388601 0.41893644617380027 0.7875647668393783 0.41374837872892345 0.7875647668393783 0.4033722438391699 0.7668393782383419 0.39299610894941633 0.7357512953367875 0.39040207522697795
0 0.7435233160621761 0.46303501945525294 0.7461139896373057 0.48249027237354086 0.8031088082901554 0.48508430609597925 0.8134715025906736 0.4695201037613489 0.7901554404145078 0.4578469520103761 0.7590673575129534 0.45265888456549935
0 0.7797927461139896 0.42153047989623865 0.7772020725388601 0.4345006485084306 0.8290155440414507 0.4474708171206226 0.8264248704663213 0.4280155642023346 0.7979274611398963 0.41893644617380027
0 0.7979274611398963 0.40077821011673154 0.7953367875647669 0.4176394293125811 0.8367875647668394 0.43320363164721143 0.8419689119170984 0.41245136186770426 0.8212435233160622 0.40207522697795073
0 0.7150259067357513 0.26848249027237353 0.7227979274611399 0.2827496757457847 0.7538860103626943 0.2918287937743191 0.7694300518134715 0.28793774319066145 0.7746113989637305 0.27496757457846954 0.7642487046632125 0.26848249027237353
0 0.6735751295336787 0.3151750972762646 0.6683937823834197 0.32814526588845655 0.7357512953367875 0.3346303501945525 0.7409326424870466 0.3216601815823606 0.7305699481865285 0.3164721141374838 0.689119170984456 0.3086900129701686
0 0.5880829015544041 0.3216601815823606 0.5880829015544041 0.3333333333333333 0.6373056994818653 0.33852140077821014 0.6580310880829016 0.32555123216601817 0.6373056994818653 0.3138780804150454 0.6010362694300518 0.3138780804150454
0 0.5699481865284974 0.35927367055771725 0.5673575129533679 0.36964980544747084 0.6217616580310881 0.3787289234760052 0.6295336787564767 0.36835278858625164 0.6113989637305699 0.3540856031128405 0.5854922279792746 0.3527885862516213