0 0.09659090909090909 0.1953125 0.09659090909090909 0.21549479166666666 0.09872159090909091 0.234375 0.10475852272727272 0.2571614583333333 0.11221590909090909 0.2701822916666667 0.12144886363636363 0.2805989583333333 0.13991477272727273 0.2897135416666667 0.16193181818181818 0.2884114583333333 0.1786221590909091 0.2799479166666667 0.1875 0.271484375 0.19389204545454544 0.26171875 0.19886363636363635 0.24283854166666666 0.2098721590909091 0.22591145833333334 0.21235795454545456 0.21223958333333334 0.21235795454545456 0.205078125 0.2080965909090909 0.18489583333333334 0.20276988636363635 0.17252604166666666 0.19673295454545456 0.150390625 0.18892045454545456 0.13606770833333334 0.17151988636363635 0.119140625 0.15021306818181818 0.111328125 0.13210227272727273 0.115234375 0.11789772727272728 0.12630208333333334 0.11328125 0.1328125 0.10582386363636363 0.14713541666666666 0.10120738636363637 0.16080729166666666
0 0.31001420454545453 0.20052083333333334 0.3093039772727273 0.24153645833333334 0.3107244318181818 0.2584635416666667 0.31392045454545453 0.2734375 0.3220880681818182 0.2897135416666667 0.3274147727272727 0.2962239583333333 0.34517045454545453 0.3053385416666667 0.3810369318181818 0.3014322916666667 0.4012784090909091 0.294921875 0.42045454545454547 0.2845052083333333 0.4303977272727273 0.2701822916666667 0.43785511363636365 0.2421875 0.4463778409090909 0.23111979166666666 0.453125 0.21549479166666666 0.453125 0.20247395833333334 0.45063920454545453 0.19401041666666666 0.4453125 0.185546875 0.4289772727272727 0.14322916666666666 0.4190340909090909 0.126953125 0.40234375 0.11588541666666667 0.3561789772727273 0.1015625 0.3352272727272727 0.10416666666666667 0.32776988636363635 0.11067708333333333 0.32066761363636365 0.12174479166666667 0.3135653409090909 0.14518229166666666
0 0.5319602272727273 0.16666666666666666 0.5316051136363636 0.234375 0.5348011363636364 0.2584635416666667 0.5465198863636364 0.279296875 0.5674715909090909 0.2916666666666667 0.5916193181818182 0.294921875 0.6161221590909091 0.2942708333333333 0.6434659090909091 0.2897135416666667 0.6647727272727273 0.2825520833333333 0.6789772727272727 0.2701822916666667 0.6946022727272727 0.236328125 0.7017045454545454 0.22721354166666666 0.7049005681818182 0.216796875 0.7034801136363636 0.203125 0.6899857954545454 0.1796875 0.6832386363636364 0.16015625 0.67578125 0.14713541666666666 0.6583806818181818 0.13346354166666666 0.6370738636363636 0.12630208333333334 0.5965909090909091 0.11979166666666667 0.5600142045454546 0.12239583333333333 0.5486505681818182 0.12955729166666666 0.5401278409090909 0.13997395833333334 0.5348011363636364 0.15169270833333334
0 0.84765625 0.21549479166666666 0.1484375 0.20703125
0 0.15305397727272727 0.5084635416666666 0.14133522727272727 0.23307291666666666
0 0.3895596590909091 0.50390625 0.14275568181818182 0.21614583333333334
0 0.6246448863636364 0.4934895833333333 0.15269886363636365 0.203125
0 0.8639914772727273 0.505859375 0.1796875 0.22786458333333334
0 0.13884943181818182 0.794921875 0.1796875 0.24609375
0 0.3963068181818182 0.7884114583333334 0.19460227272727273 0.2565104166666667
0 0.62890625 0.8059895833333334 0.1328125 0.2526041666666667
0 0.8629261363636364 0.7897135416666666 0.18039772727272727 0.24088541666666666