0 0.33532490974729245 0.25826714801444045 0.19577617328519856 0.19716606498194947
0 0.6401083032490975 0.17842960288808662 0.23326714801444043 0.15967509025270757
0 0.7095252707581228 0.3249097472924188 0.7359061371841156 0.30685920577617326 0.7803393501805054 0.29991696750902525 0.8067202166064982 0.30130505415162456 0.8358790613718412 0.3304638989169675 0.8608718411552346 0.36239891696750903 0.8775342960288809 0.41238628158844765 0.8844765342960289 0.45403971119133574 0.8803104693140794 0.48458844765342957 0.8678140794223826 0.5248537906137184 0.8580956678700361 0.5512364620938628 0.8289368231046931 0.5581787003610108 0.7997779783393502 0.5359620938628159 0.76228880866426 0.5276317689530686 0.7497924187725632 0.5081913357400722 0.71785559566787 0.4734801444043321 0.6914747292418773 0.4234927797833935 0.6762003610108304 0.37906137184115524
0 0.7678429602888086 0.5790054151624549 0.8303249097472925 0.5970559566787004 0.8636498194945849 0.6387111913357401 0.8678140794223826 0.7206335740072202 0.8469873646209386 0.7553465703971118 0.8081083032490974 0.8053321299638989 0.76228880866426 0.826158844765343 0.7206335740072202 0.826158844765343 0.6886967509025271 0.7789494584837545 0.6706462093862816 0.6956407942238267 0.6859205776173285 0.6289927797833935 0.7053592057761733 0.5790054151624549
0 0.6137184115523465 0.7525685920577617 0.5220776173285199 0.7567346570397112 0.4373790613718411 0.7497924187725632 0.4262707581227437 0.8178285198555957 0.45126353790613716 0.9205776173285198 0.5317960288808664 0.9205776173285198 0.6387111913357401 0.8747563176895307 0.6914747292418773 0.8067202166064982 0.6748122743682311 0.760898916967509
0 0.33324007220216606 0.753956678700361 0.3387942238267148 0.6692581227436823 0.33324007220216606 0.6206606498194945 0.30963537906137184 0.5817833935018051 0.262427797833935 0.5651209386281588 0.21799458483754514 0.5651209386281588 0.1791173285198556 0.5915018050541516 0.1430162454873646 0.6331570397111913 0.1513465703971119 0.7081371841155234 0.20966425992779783 0.7872815884476534 0.2652039711191336 0.8039440433212997 0.3221335740072202 0.8094981949458484 0.3318519855595668 0.7789494584837545
0 0.22771480144404332 0.5373501805054152 0.2638158844765343 0.4748682310469314 0.276312274368231 0.3943357400722021 0.2665920577617329 0.3651768953068592 0.23743321299638992 0.34434837545126357 0.2041101083032491 0.33740613718411555 0.17217509025270758 0.33740613718411555 0.11802346570397113 0.348514440433213 0.10413718411552346 0.42210469314079424 0.11107942238267147 0.4915306859205776 0.12218772563176894 0.5373501805054152 0.18883574007220216 0.5498465703971119
0 0.32768592057761736 0.5623429602888087 0.46792599277978336 0.5359620938628159 0.4929187725631769 0.5151353790613719 0.5262418772563177 0.4859765342960289 0.538740072202166 0.46514801444043324 0.5304079422382671 0.44570938628158846 0.5081913357400722 0.43598916967509027 0.4915306859205776 0.4248826714801444 0.4498754512635379 0.4082202166064982 0.4040541516245487 0.40266606498194946 0.3582346570397112 0.39572382671480144 0.30130505415162456 0.40266606498194946 0.2915848375451264 0.48181046931407945 0.305471119133574 0.5304079422382671
0 0.5956678700361011 0.4831985559566787 0.6567617328519856 0.44570938628158846 0.6886967509025271 0.4332129963898917 0.6984169675090253 0.48042238267148013 0.7067472924187725 0.5429043321299639 0.710913357400722 0.5706750902527076 0.6956407942238267 0.6081642599277979 0.6595397111913357 0.6512075812274368 0.6053880866425992 0.6637039711191336 0.5554007220216607 0.6414891696750903 0.538740072202166 0.6039981949458484 0.5331859205776173 0.5540126353790614 0.5609548736462094 0.5151353790613719
0 0.5595667870036101 0.7067472924187725 0.5678971119133575 0.6734241877256317 0.5581787003610108 0.6359350180505415 0.5220776173285199 0.5817833935018051 0.513745487364621 0.5706750902527076 0.4762563176895307 0.5484584837545127 0.45542960288808665 0.5415162454873647 0.4179386281588448 0.5498465703971119 0.391557761732852 0.5623429602888087 0.36239891696750903 0.5970559566787004 0.3512906137184116 0.653985559566787 0.3721191335740072 0.6998050541516245 0.42904693140794226 0.7331299638989169 0.47070216606498194 0.753956678700361 0.513745487364621 0.747014440433213
0 0.5928916967509025 0.4595938628158845 0.6276028880866427 0.44848736462093863 0.660927797833935 0.441543321299639 0.6650938628158845 0.4082202166064982 0.6650938628158845 0.3776732851985559 0.6553736462093863 0.348514440433213 0.6414891696750903 0.3290758122743682 0.6137184115523465 0.29991696750902525 0.6053880866425992 0.2901967509025271 0.5845595667870036 0.27492418772563176 0.5498465703971119 0.26103790613718414 0.5054151624548736 0.2540956678700361 0.4637599277978339 0.2957509025270758 0.4498754512635379 0.33324007220216606 0.4595938628158845 0.3735072202166065 0.4762563176895307 0.3998880866425993 0.49708483754512633 0.42210469314079424 0.5401281588447653 0.4595938628158845 0.5984440433212996 0.4637599277978339