0 0.36745886654478976 0.3589041095890411 0.3656307129798903 0.3863013698630137 0.37294332723948814 0.3972602739726027 0.4040219378427788 0.39452054794520547 0.42230347349177333 0.3726027397260274 0.3930530164533821 0.34794520547945207
0 0.43144424131627057 0.4 0.4296160877513711 0.4191780821917808 0.4405850091407678 0.4383561643835616 0.473491773308958 0.44931506849315067 0.4753199268738574 0.43561643835616437 0.4570383912248629 0.4
0 0.42047531992687387 0.7753424657534247 0.41681901279707495 0.8027397260273973 0.4369287020109689 0.8082191780821918 0.4680073126142596 0.7726027397260274 0.46983546617915906 0.7534246575342466 0.44424131627056673 0.7424657534246575
0 0.48080438756855576 0.7150684931506849 0.4789762340036563 0.7479452054794521 0.4954296160877514 0.7534246575342466 0.5246800731261426 0.7205479452054795 0.5283363802559415 0.6958904109589041 0.5009140767824497 0.6794520547945205
0 0.40219378427787933 0.7534246575342466 0.40219378427787933 0.7726027397260274 0.4149908592321755 0.7808219178082192 0.4424131627056673 0.7397260273972602 0.43875685557586835 0.7123287671232876 0.4149908592321755 0.7150684931506849
0 0.36745886654478976 0.6904109589041096 0.36380255941499084 0.7123287671232876 0.3802559414990859 0.736986301369863 0.4040219378427788 0.7397260273972602 0.4113345521023766 0.7178082191780822 0.396709323583181 0.6931506849315069 0.3820840950639854 0.6821917808219178
0 0.2851919561243144 0.5780821917808219 0.2906764168190128 0.6219178082191781 0.31078610603290674 0.6301369863013698 0.3235831809872029 0.6136986301369863 0.30347349177330896 0.5698630136986301
0 0.3071297989031079 0.5506849315068493 0.3162705667276051 0.5945205479452055 0.32541133455210236 0.6054794520547945 0.3491773308957952 0.6027397260273972 0.3510054844606947 0.5780821917808219 0.33455210237659966 0.5424657534246575 0.3217550274223035 0.536986301369863
0 0.3912248628884826 0.4712328767123288 0.3912248628884826 0.4986301369863014 0.40219378427787933 0.5260273972602739 0.41316270566727603 0.5424657534246575 0.42778793418647165 0.5424657534246575 0.4351005484460695 0.5123287671232877 0.41316270566727603 0.4767123287671233
0 0.4789762340036563 0.4821917808219178 0.473491773308958 0.4931506849315068 0.4936014625228519 0.5068493150684932 0.5045703839122486 0.5342465753424658 0.5228519195612431 0.5315068493150685 0.526508226691042 0.5095890410958904 0.5173674588665448 0.4849315068493151
0 0.4716636197440585 0.4931506849315068 0.4643510054844607 0.5068493150684932 0.4643510054844607 0.547945205479452 0.4826325411334552 0.5589041095890411 0.49725776965265084 0.5452054794520548 0.4990859232175503 0.5260273972602739 0.489945155393053 0.5013698630136987
0 0.473491773308958 0.6136986301369863 0.4789762340036563 0.663013698630137 0.5009140767824497 0.6684931506849315 0.5100548446069469 0.6575342465753424 0.5118829981718465 0.6328767123287671 0.49725776965265084 0.5945205479452055
0 0.4113345521023766 0.6904109589041096 0.41316270566727603 0.7068493150684931 0.4460694698354662 0.7068493150684931 0.4680073126142596 0.6794520547945205 0.453382084095064 0.6520547945205479 0.44424131627056673 0.6520547945205479
0 0.38391224862888484 0.5506849315068493 0.3857404021937843 0.5835616438356165 0.4076782449725777 0.6328767123287671 0.41316270566727603 0.6246575342465753 0.40950639853747717 0.5616438356164384 0.40036563071297987 0.5452054794520548
0 0.3619744058500914 0.6356164383561644 0.3619744058500914 0.6767123287671233 0.3711151736745887 0.6821917808219178 0.40036563071297987 0.6438356164383562 0.40036563071297987 0.6246575342465753 0.3857404021937843 0.6 0.376599634369287 0.6
0 0.4149908592321755 0.4520547945205479 0.41316270566727603 0.473972602739726 0.4351005484460695 0.5068493150684932 0.44972577696526506 0.5068493150684932 0.4460694698354662 0.4684931506849315 0.4296160877513711 0.44931506849315067
0 0.3930530164533821 0.6602739726027397 0.3930530164533821 0.6821917808219178 0.4040219378427788 0.6876712328767123 0.43144424131627057 0.6684931506849315 0.4405850091407678 0.6438356164383562 0.42047531992687387 0.6273972602739726
0 0.34552102376599636 0.4767123287671233 0.3436928702010969 0.5041095890410959 0.3692870201096892 0.5068493150684932 0.3802559414990859 0.4958904109589041 0.37477148080438755 0.473972602739726