0 0.7111517367458866 0.049315068493150684 0.7056672760511883 0.10410958904109589 0.7184643510054844 0.11506849315068493 0.7312614259597806 0.09315068493150686 0.7385740402193784 0.052054794520547946
0 0.8574040219378428 0.11506849315068493 0.8610603290676416 0.13424657534246576 0.8884826325411335 0.13150684931506848 0.8921389396709324 0.12054794520547946 0.886654478976234 0.09863013698630137
0 0.5283363802559415 0.052054794520547946 0.526508226691042 0.10410958904109589 0.5356489945155393 0.11232876712328767 0.5484460694698354 0.057534246575342465
0 0.8281535648994516 0.2410958904109589 0.8263254113345521 0.2821917808219178 0.8427787934186471 0.29315068493150687 0.8537477148080439 0.27123287671232876 0.850091407678245 0.2493150684931507 0.8409506398537477 0.23013698630136986
0 0.8628884826325411 0.4273972602739726 0.8555758683729433 0.473972602739726 0.8903107861060329 0.4465753424657534 0.8903107861060329 0.4301369863013699 0.8775137111517367 0.41643835616438357
0 0.8171846435100548 0.5753424657534246 0.8208409506398537 0.6027397260273972 0.8409506398537477 0.6 0.8372943327239488 0.5534246575342465
0 0.42230347349177333 0.10684931506849316 0.42047531992687387 0.15342465753424658 0.4424131627056673 0.15616438356164383 0.4351005484460695 0.10410958904109589
0 0.2340036563071298 0.11232876712328767 0.23583180987202926 0.14246575342465753 0.2577696526508227 0.136986301369863 0.2577696526508227 0.11232876712328767
0 0.11882998171846434 0.10136986301369863 0.11517367458866545 0.12602739726027398 0.12979890310786105 0.15342465753424658 0.13893967093235832 0.13972602739726028 0.13893967093235832 0.11232876712328767
0 0.15173674588665448 0.0410958904109589 0.15356489945155394 0.08493150684931507 0.1736745886654479 0.08493150684931507 0.170018281535649 0.0410958904109589 0.16270566727605118 0.030136986301369864
0 0.11151736745886655 0.07123287671232877 0.113345521023766 0.09041095890410959 0.14442413162705667 0.0958904109589041 0.14076782449725778 0.06301369863013699
0 0.13893967093235832 0.36712328767123287 0.13528336380255943 0.3835616438356164 0.1480804387568556 0.38904109589041097 0.16819012797074953 0.3589041095890411 0.1590493601462523 0.34794520547945207
0 0.15722120658135283 0.3863013698630137 0.15539305301645337 0.41643835616438357 0.1736745886654479 0.4246575342465753 0.18281535648994515 0.3917808219178082
0 0.19195612431444242 0.38082191780821917 0.1846435100548446 0.40821917808219177 0.20292504570383912 0.42191780821917807 0.21572212065813529 0.4054794520547945 0.21389396709323583 0.3863013698630137
0 0.22486288848263253 0.38904109589041097 0.22120658135283364 0.4054794520547945 0.24862888482632542 0.4273972602739726 0.263254113345521 0.4136986301369863 0.25411334552102377 0.3917808219178082
0 0.360146252285192 0.3726027397260274 0.35283363802559414 0.38904109589041097 0.3619744058500914 0.4054794520547945 0.3912248628884826 0.38904109589041097 0.3820840950639854 0.3561643835616438
0 0.40950639853747717 0.3643835616438356 0.40585009140767825 0.38904109589041097 0.4149908592321755 0.40273972602739727 0.4460694698354662 0.3835616438356164 0.43144424131627057 0.3589041095890411
0 0.4259597806215722 0.40821917808219177 0.43327239488117003 0.4301369863013699 0.46617915904936014 0.42191780821917807 0.4570383912248629 0.38904109589041097
0 0.45521023765996343 0.4438356164383562 0.4515539305301645 0.4602739726027397 0.47714808043875684 0.4575342465753425 0.48811700182815354 0.43561643835616437 0.473491773308958 0.4191780821917808
0 0.012797074954296161 0.9232876712328767 0.007312614259597806 0.9342465753424658 0.02376599634369287 0.958904109589041 0.04204753199268738 0.9506849315068493 0.04021937842778794 0.9287671232876712
0 0.09872029250457039 0.947945205479452 0.09689213893967093 0.9671232876712329 0.10603290676416818 0.9780821917808219 0.12614259597806216 0.9835616438356164 0.13345521023765997 0.9726027397260274 0.11517367458866545 0.9397260273972603
0 0.16819012797074953 0.8575342465753425 0.170018281535649 0.8849315068493151 0.20475319926873858 0.863013698630137 0.19378427787934185 0.8410958904109589
0 0.056672760511883 0.8356164383561644 0.05301645338208409 0.8712328767123287 0.07678244972577697 0.8712328767123287 0.08226691042047532 0.8383561643835616 0.06946983546617916 0.8273972602739726
0 0.11517367458866545 0.8575342465753425 0.12431444241316271 0.8821917808219178 0.1425959780621572 0.8876712328767123 0.1480804387568556 0.873972602739726 0.14076782449725778 0.8547945205479452
0 0.15173674588665448 0.9041095890410958 0.15539305301645337 0.9232876712328767 0.1882998171846435 0.9205479452054794 0.18281535648994515 0.8876712328767123
0 0.25594149908592323 0.9178082191780822 0.26508226691042047 0.958904109589041 0.28153564899451555 0.958904109589041 0.2851919561243144 0.9342465753424658 0.26508226691042047 0.9123287671232877
0 0.263254113345521 0.8712328767123287 0.26142595978062155 0.8931506849315068 0.2687385740402194 0.9041095890410958 0.283363802559415 0.9013698630136986 0.2979890310786106 0.873972602739726 0.28884826325411334 0.8575342465753425
0 0.2851919561243144 0.8136986301369863 0.28884826325411334 0.8410958904109589 0.3126142595978062 0.8602739726027397 0.3217550274223035 0.8328767123287671 0.30347349177330896 0.8136986301369863
0 0.33089579524680074 0.8904109589041096 0.340036563071298 0.9178082191780822 0.360146252285192 0.9232876712328767 0.3656307129798903 0.9123287671232877 0.360146252285192 0.8849315068493151
0 0.3491773308957952 0.8301369863013699 0.3473491773308958 0.8465753424657534 0.3619744058500914 0.8602739726027397 0.3692870201096892 0.8136986301369863 0.3583180987202925 0.8136986301369863
0 0.22486288848263253 0.7780821917808219 0.22486288848263253 0.8054794520547945 0.2413162705667276 0.8082191780821918 0.24862888482632542 0.7589041095890411 0.23583180987202926 0.7561643835616438
0 0.11882998171846434 0.7342465753424657 0.11882998171846434 0.7589041095890411 0.13345521023765997 0.7643835616438356 0.14990859232175502 0.7232876712328767 0.12979890310786105 0.7068493150684931
0 0.09323583180987204 0.6958904109589041 0.08775137111517367 0.6986301369863014 0.09140767824497258 0.726027397260274 0.11151736745886655 0.7397260273972602 0.1206581352833638 0.7041095890410959
0 0.07495429616087751 0.6684931506849315 0.07312614259597806 0.6821917808219178 0.08592321755027423 0.6931506849315069 0.113345521023766 0.6821917808219178 0.10786106032906764 0.6547945205479452
0 0.1170018281535649 0.6767123287671233 0.11882998171846434 0.6986301369863014 0.13528336380255943 0.7013698630136986 0.15539305301645337 0.673972602739726 0.1316270566727605 0.663013698630137
0 0.15356489945155394 0.6931506849315069 0.14990859232175502 0.7150684931506849 0.16270566727605118 0.726027397260274 0.1809872029250457 0.6876712328767123 0.1736745886654479 0.6767123287671233
0 0.21572212065813529 0.5863013698630137 0.21206581352833637 0.6054794520547945 0.21937842778793418 0.6164383561643836 0.25045703839122485 0.5917808219178082 0.24680073126142596 0.5780821917808219
0 0.23217550274223034 0.6246575342465753 0.2303473491773309 0.6438356164383562 0.25045703839122485 0.6493150684931507 0.2577696526508227 0.6328767123287671 0.25411334552102377 0.5972602739726027 0.24314442413162707 0.6
0 0.2979890310786106 0.6383561643835617 0.29250457038391225 0.6602739726027397 0.31444241316270566 0.6958904109589041 0.3235831809872029 0.6958904109589041 0.31992687385740404 0.6684931506849315
0 0.3473491773308958 0.6684931506849315 0.3546617915904936 0.7041095890410959 0.3692870201096892 0.7095890410958904 0.3619744058500914 0.6712328767123288
0 0.31992687385740404 0.7068493150684931 0.3217550274223035 0.726027397260274 0.3546617915904936 0.7150684931506849 0.34552102376599636 0.6986301369863014
0 0.3382084095063985 0.7452054794520548 0.33089579524680074 0.7506849315068493 0.33638025594149906 0.7808219178082192 0.35283363802559414 0.7780821917808219 0.3656307129798903 0.7561643835616438 0.3583180987202925 0.7452054794520548
0 0.3820840950639854 0.7890410958904109 0.3820840950639854 0.8082191780821918 0.4040219378427788 0.8136986301369863 0.4076782449725777 0.7917808219178082 0.39853747714808047 0.7589041095890411
0 0.4625228519195612 0.9232876712328767 0.473491773308958 0.958904109589041 0.4936014625228519 0.947945205479452 0.4954296160877514 0.9205479452054794 0.4844606946983547 0.8986301369863013
0 0.43144424131627057 0.9095890410958904 0.4296160877513711 0.9287671232876712 0.4424131627056673 0.9342465753424658 0.46617915904936014 0.9041095890410958 0.4570383912248629 0.8876712328767123
0 0.6014625228519196 0.8136986301369863 0.603290676416819 0.8383561643835616 0.623400365630713 0.8383561643835616 0.6197440585009141 0.8
0 0.5539305301645339 0.25205479452054796 0.5575868372943327 0.3013698630136986 0.5703839122486288 0.3095890410958904 0.5795246800731262 0.2876712328767123 0.56672760511883 0.25205479452054796
0 0.5137111517367459 0.2493150684931507 0.5173674588665448 0.27123287671232876 0.5356489945155393 0.27123287671232876 0.5374771480804388 0.22465753424657534 0.5246800731261426 0.22465753424657534
0 0.3491773308957952 0.273972602739726 0.3473491773308958 0.3150684931506849 0.36745886654478976 0.3178082191780822 0.37294332723948814 0.3095890410958904 0.36745886654478976 0.2821917808219178
0 0.680073126142596 0.4684931506849315 0.6819012797074955 0.5013698630136987 0.7020109689213894 0.5041095890410959 0.7038391224862889 0.4657534246575342
0 0.03290676416819013 0.32602739726027397 0.031078610603290677 0.34794520547945207 0.056672760511883 0.37534246575342467 0.06398537477148081 0.35342465753424657 0.05301645338208409 0.32602739726027397
0 0.2943327239488117 0.3726027397260274 0.29250457038391225 0.3863013698630137 0.3071297989031079 0.4 0.31992687385740404 0.3863013698630137 0.3235831809872029 0.3643835616438356 0.31078610603290674 0.3506849315068493
0 0.29250457038391225 0.5863013698630137 0.2870201096892139 0.6219178082191781 0.2906764168190128 0.6328767123287671 0.3053016453382084 0.6301369863013698 0.3162705667276051 0.6164383561643836 0.3180987202925046 0.5945205479452055 0.3053016453382084 0.5808219178082191
0 0.5082266910420475 0.663013698630137 0.5137111517367459 0.6958904109589041 0.526508226691042 0.7041095890410959 0.5374771480804388 0.6931506849315069 0.526508226691042 0.6602739726027397
0 0.8336380255941499 0.8575342465753425 0.8372943327239488 0.8849315068493151 0.8555758683729433 0.8849315068493151 0.8665447897623401 0.8712328767123287 0.8628884826325411 0.8547945205479452
0 0.9049360146252285 0.8575342465753425 0.9049360146252285 0.8931506849315068 0.9195612431444241 0.9013698630136986 0.9305301645338209 0.8821917808219178 0.9250457038391224 0.8575342465753425 0.9195612431444241 0.8465753424657534
0 0.886654478976234 0.8931506849315068 0.8848263254113345 0.9342465753424658 0.9049360146252285 0.9342465753424658 0.903107861060329 0.8986301369863013 0.8957952468007313 0.8849315068493151
0 0.8921389396709324 0.8082191780821918 0.8957952468007313 0.8328767123287671 0.9049360146252285 0.8410958904109589 0.9305301645338209 0.8273972602739726 0.9177330895795247 0.7890410958904109
0 0.9250457038391224 0.6136986301369863 0.9195612431444241 0.6273972602739726 0.9305301645338209 0.6465753424657534 0.9597806215722121 0.6246575342465753 0.9561243144424132 0.6082191780821918
0 0.886654478976234 0.7205479452054795 0.8921389396709324 0.736986301369863 0.9159049360146252 0.7315068493150685 0.906764168190128 0.7068493150684931
0 0.8446069469835467 0.7753424657534247 0.8372943327239488 0.7972602739726027 0.8537477148080439 0.8082191780821918 0.8647166361974405 0.7753424657534247
0 0.6819012797074955 0.947945205479452 0.680073126142596 0.9780821917808219 0.70018281535649 0.9863013698630136 0.7038391224862889 0.9534246575342465
0 0.5447897623400365 0.7917808219178082 0.5411334552102377 0.8136986301369863 0.5502742230347349 0.8465753424657534 0.5722120658135283 0.8465753424657534 0.5740402193784278 0.8273972602739726
0 0.8446069469835467 0.6794520547945205 0.8427787934186471 0.6986301369863014 0.8537477148080439 0.7068493150684931 0.8756855575868373 0.684931506849315 0.8756855575868373 0.6684931506849315 0.8574040219378428 0.6547945205479452
0 0.9213893967093236 0.38082191780821917 0.9250457038391224 0.42191780821917807 0.9360146252285192 0.42191780821917807 0.9524680073126143 0.38904109589041097 0.9341864716636198 0.36712328767123287
0 0.8994515539305301 0.2958904109589041 0.8939670932358318 0.31232876712328766 0.903107861060329 0.3232876712328767 0.9195612431444241 0.32602739726027397 0.9360146252285192 0.31232876712328766 0.9287020109689214 0.2876712328767123
0 0.8098720292504571 0.06301369863013699 0.8117001828153565 0.10136986301369863 0.8263254113345521 0.12054794520547946 0.8372943327239488 0.10136986301369863 0.8354661791590493 0.07397260273972603 0.8244972577696527 0.057534246575342465