0 0.35823754789272033 0.31785714285714284 0.36398467432950193 0.375 0.4061302681992337 0.43214285714285716 0.4329501915708812 0.38571428571428573 0.47701149425287354 0.3607142857142857 0.49233716475095785 0.31785714285714284 0.49616858237547895 0.2714285714285714 0.46934865900383144 0.19285714285714287 0.42337164750957856 0.17142857142857143 0.39272030651340994 0.20357142857142857
0 0.8160919540229885 0.1392857142857143 0.8199233716475096 0.22857142857142856 0.8582375478927203 0.29285714285714287 0.9195402298850575 0.3464285714285714 0.9329501915708812 0.34285714285714286 0.9482758620689655 0.3107142857142857 0.9616858237547893 0.2571428571428571 0.9616858237547893 0.21428571428571427 0.9042145593869731 0.07142857142857142 0.8793103448275862 0.05 0.8524904214559387 0.05714285714285714 0.8275862068965517 0.09642857142857143
0 0.6302681992337165 0.28214285714285714 0.6283524904214559 0.32142857142857145 0.6398467432950191 0.3607142857142857 0.6839080459770115 0.3892857142857143 0.7049808429118773 0.325 0.7413793103448276 0.29285714285714287 0.7662835249042146 0.3 0.7796934865900383 0.2642857142857143 0.7816091954022989 0.21428571428571427 0.7624521072796935 0.16071428571428573 0.7318007662835249 0.16071428571428573 0.6609195402298851 0.21785714285714286
0 0.6762452107279694 0.4392857142857143 0.6781609195402298 0.5178571428571429 0.7011494252873564 0.5714285714285714 0.7337164750957854 0.6035714285714285 0.7624521072796935 0.5964285714285714 0.7873563218390804 0.5642857142857143 0.8007662835249042 0.5107142857142857 0.8084291187739464 0.33214285714285713 0.789272030651341 0.3107142857142857 0.7279693486590039 0.3 0.6992337164750958 0.3464285714285714
0 0.8160919540229885 0.1392857142857143 0.8199233716475096 0.22857142857142856 0.8582375478927203 0.29285714285714287 0.9195402298850575 0.3464285714285714 0.9329501915708812 0.34285714285714286 0.9482758620689655 0.3107142857142857 0.9636015325670498 0.24285714285714285 0.9597701149425287 0.20714285714285716 0.9042145593869731 0.07142857142857142 0.8793103448275862 0.05 0.8524904214559387 0.05714285714285714 0.8275862068965517 0.09642857142857143
0 0.5306513409961686 0.4142857142857143 0.5268199233716475 0.48214285714285715 0.5363984674329502 0.5392857142857143 0.5881226053639846 0.6821428571428572 0.6264367816091954 0.6892857142857143 0.6666666666666666 0.6428571428571429 0.6724137931034483 0.5964285714285714 0.6609195402298851 0.5035714285714286 0.6168582375478927 0.375 0.5747126436781609 0.35 0.5478927203065134 0.37142857142857144
0 0.21839080459770116 0.6178571428571429 0.210727969348659 0.6964285714285714 0.2413793103448276 0.7607142857142857 0.3314176245210728 0.8035714285714286 0.35823754789272033 0.8035714285714286 0.3773946360153257 0.7821428571428571 0.3850574712643678 0.7428571428571429 0.3831417624521073 0.675 0.3505747126436782 0.625 0.2681992337164751 0.5714285714285714 0.23946360153256704 0.5785714285714286
0 0.03065134099616858 0.7571428571428571 0.034482758620689655 0.8214285714285714 0.07088122605363985 0.8892857142857142 0.09386973180076628 0.8928571428571429 0.1475095785440613 0.85 0.1781609195402299 0.8 0.18582375478927204 0.7178571428571429 0.15900383141762453 0.6392857142857142 0.10919540229885058 0.6071428571428571 0.07088122605363985 0.6464285714285715
0 0.12452107279693486 0.5214285714285715 0.12643678160919541 0.6 0.1685823754789272 0.6464285714285715 0.20689655172413793 0.6428571428571429 0.23563218390804597 0.5714285714285714 0.2222222222222222 0.5285714285714286 0.18582375478927204 0.48928571428571427 0.14942528735632185 0.4857142857142857
0 0.38697318007662834 0.6857142857142857 0.3773946360153257 0.7928571428571428 0.4042145593869732 0.825 0.446360153256705 0.8071428571428572 0.4942528735632184 0.725 0.4616858237547893 0.6392857142857142 0.42528735632183906 0.6464285714285715
0 0.23754789272030652 0.43214285714285716 0.23946360153256704 0.48928571428571427 0.27011494252873564 0.5678571428571428 0.34674329501915707 0.6178571428571429 0.3773946360153257 0.5892857142857143 0.3850574712643678 0.5571428571428572 0.3773946360153257 0.49642857142857144 0.31992337164750956 0.4107142857142857 0.2624521072796935 0.37857142857142856
0 0.4061302681992337 0.4857142857142857 0.4042145593869732 0.5178571428571429 0.421455938697318 0.5571428571428572 0.48084291187739464 0.6214285714285714 0.5114942528735632 0.6142857142857143 0.5402298850574713 0.5678571428571428 0.524904214559387 0.48214285714285715 0.5287356321839081 0.4035714285714286 0.5057471264367817 0.3821428571428571 0.4616858237547893 0.375 0.4272030651340996 0.39285714285714285 0.4157088122605364 0.4107142857142857
0 0.49233716475095785 0.35 0.4904214559386973 0.37142857142857144 0.5325670498084292 0.3964285714285714 0.5862068965517241 0.34285714285714286 0.5938697318007663 0.3 0.5766283524904214 0.2642857142857143 0.553639846743295 0.2571428571428571 0.5191570881226054 0.29642857142857143